24 26 10
11 24 7
-14 26 8
23 3 7
23 18 5
-5 10 9
-10 -11 4
-5 -18 1
6 -27 0
-23 4 4
-8 7 1
3 -17 1
29 0 3
8 25 3
-1 6 7
20 -12 1
-28 3 5
0 14 4
-1 -26 0
-25 6 7
21 20 0
22 -1 0
8 -21 0
-26 15 0
5 16 0
10 25
1 -6
-11 0
9 15
1 -11
-5 19
-4 13
-2 11
-16 -3
26 0
-10 -29
3 -28
2 30
15 1
19 2
23 11
-14 24
-24 -14
-7 2
-1 -29
-13 -27
-5 -8
12 10
-30 7
-5 -13
-10 13
23 24 20 21 22 8 18 44 7 11 15 34 12 39 13 25 10 43 6 49 9 48 33 16 27 17 32 31 4 40 47 3 38 28 30 5 50 41 37 1 26 29 14 46 42 19 45 35 36 2
