10
30 50 77 100 120
60
70 150 220 290 360 450 
8
10 20 36 49 50 61 80
30
50  90 150 220 290 360 400 480
40
50  100 150 220 290 360 450 510 590
50
60  150 220 290 360 420 490 560 610 680 
52
60  150 220 290 360 420 490 560 610 680 750 
55
60  150 220 290 360 420 490 560 610 680 750 820
60
65  150 220 290 360 420 490 560 620 690 770 870 990
62
60  150 220 290 360 420 490 560 620 690 770 870 990 1080
65
60  150 220 290 360 420 490 560 620 690 770 870 990 1080 1180
68
60  150 220 290 360 420 490 560 620 690 770 870 990 1080 1180 1280



