j es:0
3 2 10 
19 6 4 
-14 7 1 
0 -24 0 
18 -5
-19 -8
2157 5 3 5 2 4 1
j es:1
2 4 10 
-17 23 1 
-6 -6 0 
-28 -10
-2 -10
27 11
-27 12
986 3 2 6 1
j es:2
4 3 10 
-16 -26 2 
-6 -17 1 
5 15 4 
16 -16 1 
0 -27
23 -19
28 1
2443 7 7 6 4 5 1 2 3
j es:3
3 5 10 
-25 -11 8 
18 -14 0 
-26 -3 1 
-23 -4
-30 -4
13 13
21 -22
0 17
1955 6 7 2 4 3 5 1
j es:4
5 4 10 
10 24 1 
12 -18 4 
0 25 5 
11 -11 0 
25 -19 0 
11 0
27 0
-3 0
-14 20
2001 9 6 7 5 2 4 8 9 3 1
j es:5
3 7 10 
-28 7 6 
-6 14 0 
-6 -10 4 
7 -30
-14 -8
-18 23
-8 24
-3 9
27 -2
-21 -11
1007 7 7 2 8 3 5 10 1
j es:6
9 2 10 
-1 12 3 
-14 13 2 
9 -26 0 
11 -1 0 
0 -4 0 
13 -21 0 
14 -5 0 
-11 26 0 
-4 3 0 
7 -16
19 16
1476 11 11 4 7 6 3 10 5 9 1 2 8
j es:7
11 1 10 
-15 -11 0 
19 -11 0 
9 18 1 
15 -12 0 
21 8 0 
6 -13 1 
7 -8 0 
8 -12 0 
-7 -26 0 
11 -10 0 
2 -18 0 
-12 20
1608 12 12 3 5 2 4 10 7 8 6 11 9 1
j es:8
3 10 10 
8 -7 1 
-21 11 5 
4 18 1 
-8 27
-12 22
3 15
18 8
-12 11
-15 -6
6 -11
7 -5
-17 -17
1 -19
837 7 10 1 11 6 3 8 2
j es:9
4 10 10 
3 -23 1 
14 -17 0 
-13 3 8 
-12 -7 8 
5 4
-7 -11
0 -17
-13 23
-13 14
3 26
30 0
-13 -9
4 -27
-16 0
783 10 2 13 1 7 6 12 4 14 9 3
j es:10
9 6 10 
0 27 9 
7 -29 5 
-20 20 1 
16 -20 1 
-24 17 1 
6 -28 0 
-2 -23 0 
26 13 0 
4 29 0 
17 25
6 -25
14 -9
29 -7
13 16
25 17
2326 15 12 11 7 6 2 4 13 8 15 14 10 9 1 3 5
